header: 
  seq: 0
  stamp: 
    secs: 0
    nsecs:         0
  frame_id: short_camera
height: 1080
width: 1920
distortion_model: plumb_bob
D: [-0.634256, 0.387942, 0.014428, 0.005598, 0.000000]
K: [2083.385831, 0.000000, 946.778026, 0.000000, 2070.162387, 416.360998, 0.000000, 0.000000, 1.000000]
R: [1.0, 0.0, 0.0, 0.0, 1.0, 0.0, 0.0, 0.0, 1.0]
P: [1762.724609, 0.000000, 955.526173, 0.000000, 0.000000, 1972.320923, 411.432698, 0.000000, 0.000000, 0.000000, 1.000000, 0.000000]
binning_x: 0
binning_y: 0
roi: 
  x_offset: 0
  y_offset: 0
  height: 0
  width: 0
do_rectify: False
